2/5/2020,4,5,8,14,14,19,19,25
2/6/2020,4,6,8,14,19,19,25,25
2/7/2020,5,8,14,14,19,19,25,25
2/8/2020,6,8,14,19,19,25,25,32
2/9/2020,8,14,14,19,19,25,25,32
2/10/2020,8,14,19,19,25,25,32,32
2/11/2020,14,14,19,19,25,25,32,33
2/12/2020,14,19,19,25,25,32,32,33
2/13/20,14,19,19,25,25,32,33,33
2/14/20,19,19,25,25,32,32,33,33
2/15/20,19,19,25,25,32,33,33,34
2/16/20,19,25,25,32,32,33,33,34
2/17/20,19,25,25,32,33,33,34,35
2/18/20,25,25,32,32,33,33,34,35
2/19/20,25,25,32,33,33,34,35,35
2/20/20,25,32,32,33,33,34,35,35
2/21/20,25,32,33,33,34,35,35,35
2/22/20,32,32,33,33,34,35,35,35
2/23/20,32,33,33,34,35,35,35,35
2/24/20,32,33,33,34,35,35,35,35
2/25/20,33,33,34,35,35,35,35,37
2/26/20,33,33,34,35,35,35,35,40
2/27/20,33,34,35,35,35,35,37,40
2/28/20,33,34,35,35,35,35,40,41
2/29/20,34,35,35,35,35,37,40,42
3/1/2020,34,35,35,35,35,40,41,42
3/2/2020,35,35,35,35,37,40,42,43
3/3/2020,35,35,35,35,40,41,42,43
3/4/2020,35,35,35,37,40,42,43,43
3/5/2020,35,35,35,40,41,42,43,47
3/6/2020,35,35,37,40,42,43,43,48
3/7/2020,35,35,40,41,42,43,47,50
3/8/2020,35,37,40,42,43,43,48,50
3/9/2020,35,40,41,42,43,47,50,50
3/10/2020,37,40,42,43,43,48,50,53
3/11/2020,40,41,42,43,47,50,50,59
3/12/2020,40,42,43,43,48,50,53,70
3/13/20,41,42,43,47,50,50,59,75
3/14/20,42,43,43,48,50,53,70,82
3/15/20,42,43,47,50,50,59,75,114
3/16/20,43,43,48,50,53,70,82,147
3/17/20,43,47,50,50,59,75,114,177
3/18/20,43,48,50,53,70,82,147,212
3/19/20,47,50,50,59,75,114,177,272
3/20/20,48,50,53,70,82,147,212,322
3/21/20,50,50,59,75,114,177,272,411
3/22/20,50,53,70,82,147,212,322,599
3/23/20,50,59,75,114,177,272,411,721
3/24/20,53,70,82,147,212,322,599,827
3/25/20,59,75,114,177,272,411,721,934
3/26/20,70,82,147,212,322,599,827,1045
3/27/20,75,114,177,272,411,721,934,1136
3/28/20,82,147,212,322,599,827,1045,1245
3/29/20,114,177,272,411,721,934,1136,1388
3/30/20,147,212,322,599,827,1045,1245,1524
3/31/20,177,272,411,721,934,1136,1388,1651
4/1/2020,212,322,599,827,1045,1245,1524,1771
4/2/2020,272,411,721,934,1136,1388,1651,1875
4/3/2020,322,599,827,1045,1245,1524,1771,1978
4/4/2020,411,721,934,1136,1388,1651,1875,2067
4/5/2020,599,827,1045,1245,1524,1771,1978,2169
4/6/2020,721,934,1136,1388,1651,1875,2067,2220
4/7/2020,827,1045,1245,1524,1771,1978,2169,2258
4/8/2020,934,1136,1388,1651,1875,2067,2220,2369
4/9/2020,1045,1245,1524,1771,1978,2169,2258,2423
4/10/2020,1136,1388,1651,1875,2067,2220,2369,2473
4/11/2020,1245,1524,1771,1978,2169,2258,2423,2518
4/12/2020,1388,1651,1875,2067,2220,2369,2473,2551
4/13/20,1524,1771,1978,2169,2258,2423,2518,2579
4/14/20,1651,1875,2067,2220,2369,2473,2551,2613
4/15/20,1771,1978,2169,2258,2423,2518,2579,2643
4/16/20,1875,2067,2220,2369,2473,2551,2613,2672
4/17/20,1978,2169,2258,2423,2518,2579,2643,2700
4/18/20,2067,2220,2369,2473,2551,2613,2672,2733
4/19/20,2169,2258,2423,2518,2579,2643,2700,2765
4/20/20,2220,2369,2473,2551,2613,2672,2733,2792
4/21/20,2258,2423,2518,2579,2643,2700,2765,2811
4/22/20,2369,2473,2551,2613,2672,2733,2792,2826
4/23/20,2423,2518,2579,2643,2700,2765,2811,2839
4/24/20,2473,2551,2613,2672,2733,2792,2826,2854
4/25/20,2518,2579,2643,2700,2765,2811,2839,2907
4/26/20,2551,2613,2672,2733,2792,2826,2854,2922
4/27/20,2579,2643,2700,2765,2811,2839,2907,2931
4/28/20,2613,2672,2733,2792,2826,2854,2922,2938
4/29/20,2643,2700,2765,2811,2839,2907,2931,2947
4/30/20,2672,2733,2792,2826,2854,2922,2938,2954
5/1/2020,2700,2765,2811,2839,2907,2931,2947,2960
5/2/2020,2733,2792,2826,2854,2922,2938,2954,2966
5/3/2020,2765,2811,2839,2907,2931,2947,2960,2969
5/4/2020,2792,2826,2854,2922,2938,2954,2966,2987
5/5/2020,2811,2839,2907,2931,2947,2960,2969,2988
5/6/2020,2826,2854,2922,2938,2954,2966,2987,2989
5/7/2020,2839,2907,2931,2947,2960,2969,2988,2992
5/8/2020,2854,2922,2938,2954,2966,2987,2989,3000
5/9/2020,2907,2931,2947,2960,2969,2988,2992,3004
5/10/2020,2922,2938,2954,2966,2987,2989,3000,3009
5/11/2020,2931,2947,2960,2969,2988,2992,3004,3015
5/12/2020,2938,2954,2966,2987,2989,3000,3009,3017
5/13/20,2947,2960,2969,2988,2992,3004,3015,3017
5/14/20,2954,2966,2987,2989,3000,3009,3017,3018
5/15/20,2960,2969,2988,2992,3004,3015,3017,3025
5/16/20,2966,2987,2989,3000,3009,3017,3018,3025
5/17/20,2969,2988,2992,3004,3015,3017,3025,3028
5/18/20,2987,2989,3000,3009,3017,3018,3025,3031
5/19/20,2988,2992,3004,3015,3017,3025,3028,3033
5/20/20,2989,3000,3009,3017,3018,3025,3031,3034
5/21/20,2992,3004,3015,3017,3025,3028,3033,3037
5/22/20,3000,3009,3017,3018,3025,3031,3034,3037
5/23/20,3004,3015,3017,3025,3028,3033,3037,3040
5/24/20,3009,3017,3018,3025,3031,3034,3037,3040
5/25/20,3015,3017,3025,3028,3033,3037,3040,3042
5/26/20,3017,3018,3025,3031,3034,3037,3040,3045
5/27/20,3017,3025,3028,3033,3037,3040,3042,3054
5/28/20,3018,3025,3031,3034,3037,3040,3045,3065
5/29/20,3025,3028,3033,3037,3040,3042,3054,3076
5/30/20,3025,3031,3034,3037,3040,3045,3065,3077
5/31/20,3028,3033,3037,3040,3042,3054,3076,3081
6/1/2020,3031,3034,3037,3040,3045,3065,3077,3082
6/2/2020,3033,3037,3040,3042,3054,3076,3081,3083
6/3/2020,3034,3037,3040,3045,3065,3077,3082,3084
6/4/2020,3037,3040,3042,3054,3076,3081,3083,3101
6/5/2020,3037,3040,3045,3065,3077,3082,3084,3102
6/6/2020,3040,3042,3054,3076,3081,3083,3101,3104
6/7/2020,3040,3045,3065,3077,3082,3084,3102,3112
6/8/2020,3042,3054,3076,3081,3083,3101,3104,3119
6/9/2020,3045,3065,3077,3082,3084,3102,3112,3121
6/10/2020,3054,3076,3081,3083,3101,3104,3119,3125
6/11/2020,3065,3077,3082,3084,3102,3112,3121,3125
6/12/2020,3076,3081,3083,3101,3104,3119,3125,3129
6/13/20,3077,3082,3084,3102,3112,3121,3125,3134
6/14/20,3081,3083,3101,3104,3119,3125,3129,3135
6/15/20,3082,3084,3102,3112,3121,3125,3134,3135
6/16/20,3083,3101,3104,3119,3125,3129,3135,3135
6/17/20,3084,3102,3112,3121,3125,3134,3135,3135
6/18/20,3101,3104,3119,3125,3129,3135,3135,3141
6/19/20,3102,3112,3121,3125,3134,3135,3135,3146
6/20/20,3104,3119,3125,3129,3135,3135,3141,3147
6/21/20,3112,3121,3125,3134,3135,3135,3146,3148
6/22/20,3119,3125,3129,3135,3135,3141,3147,3151
6/23/20,3121,3125,3134,3135,3135,3146,3148,3156
6/24/20,3125,3129,3135,3135,3141,3147,3151,3157
6/25/20,3125,3134,3135,3135,3146,3148,3156,3158
6/26/20,3129,3135,3135,3141,3147,3151,3157,3162
6/27/20,3134,3135,3135,3146,3148,3156,3158,3162
6/28/20,3135,3135,3141,3147,3151,3157,3162,3162
6/29/20,3135,3135,3146,3148,3156,3158,3162,3169
6/30/20,3135,3141,3147,3151,3157,3162,3162,3171
7/1/2020,3135,3146,3148,3156,3158,3162,3169,3173
7/2/2020,3141,3147,3151,3157,3162,3162,3171,3179
7/3/2020,3146,3148,3156,3158,3162,3169,3173,3180
7/4/2020,3147,3151,3157,3162,3162,3171,3179,3185
7/5/2020,3148,3156,3158,3162,3169,3173,3180,3190
7/6/2020,3151,3157,3162,3162,3171,3179,3185,3195
7/7/2020,3156,3158,3162,3169,3173,3180,3190,3195
7/8/2020,3157,3162,3162,3171,3179,3185,3195,3197
7/9/2020,3158,3162,3169,3173,3180,3190,3195,3202
7/10/2020,3162,3162,3171,3179,3185,3195,3197,3202
7/11/2020,3162,3169,3173,3180,3190,3195,3202,3216
7/12/2020,3162,3171,3179,3185,3195,3197,3202,3217
7/13/20,3169,3173,3180,3190,3195,3202,3216,3220
7/14/20,3171,3179,3185,3195,3197,3202,3217,3227
7/15/20,3173,3180,3190,3195,3202,3216,3220,3232
7/16/20,3179,3185,3195,3197,3202,3217,3227,3236
7/17/20,3180,3190,3195,3202,3216,3220,3232,3239
7/18/20,3185,3195,3197,3202,3217,3227,3236,3246
7/19/20,3190,3195,3202,3216,3220,3232,3239,3249
7/20/20,3195,3197,3202,3217,3227,3236,3246,3250
7/21/20,3195,3202,3216,3220,3232,3239,3249,3255
7/22/20,3197,3202,3217,3227,3236,3246,3250,3257
7/23/20,3202,3216,3220,3232,3239,3249,3255,3269
7/24/20,3202,3217,3227,3236,3246,3250,3257,3279
7/25/20,3216,3220,3232,3239,3249,3255,3269,3282
7/26/20,3217,3227,3236,3246,3250,3257,3279,3291
7/27/20,3220,3232,3239,3249,3255,3269,3282,3295
7/28/20,3227,3236,3246,3250,3257,3279,3291,3297
7/29/20,3232,3239,3249,3255,3269,3282,3295,3298
7/30/20,3236,3246,3250,3257,3279,3291,3297,3304
7/31/20,3239,3249,3255,3269,3282,3295,3298,3310
8/1/2020,3246,3250,3257,3279,3291,3297,3304,3312
8/2/2020,3249,3255,3269,3282,3295,3298,3310,3317
8/3/2020,3250,3257,3279,3291,3297,3304,3312,3320
8/4/2020,3255,3269,3282,3295,3298,3310,3317,3321
8/5/2020,3257,3279,3291,3297,3304,3312,3320,3328
8/6/2020,3269,3282,3295,3298,3310,3317,3321,3330
8/7/2020,3279,3291,3297,3304,3312,3320,3328,3345
8/8/2020,3282,3295,3298,3310,3317,3321,3330,3348
8/9/2020,3291,3297,3304,3312,3320,3328,3345,3351
8/10/2020,3295,3298,3310,3317,3321,3330,3348,3351
8/11/2020,3297,3304,3312,3320,3328,3345,3351,3351
8/12/2020,3298,3310,3317,3321,3330,3348,3351,3356
8/13/20,3304,3312,3320,3328,3345,3351,3351,3359
8/14/20,3310,3317,3321,3330,3348,3351,3356,3376
8/15/20,3312,3320,3328,3345,3351,3351,3359,3376
8/16/20,3317,3321,3330,3348,3351,3356,3376,3377
8/17/20,3320,3328,3345,3351,3351,3359,3376,3378
8/18/20,3321,3330,3348,3351,3356,3376,3377,3381
8/19/20,3328,3345,3351,3351,3359,3376,3378,3382
8/20/20,3330,3348,3351,3356,3376,3377,3381,3389
8/21/20,3345,3351,3351,3359,3376,3378,3382,3390
8/22/20,3348,3351,3356,3376,3377,3381,3389,3390
8/23/20,3351,3351,3359,3376,3378,3382,3390,3395
8/24/20,3351,3356,3376,3377,3381,3389,3390,3397
8/25/20,3351,3359,3376,3378,3382,3390,3395,3402
8/26/20,3356,3376,3377,3381,3389,3390,3397,3403
8/27/20,3359,3376,3378,3382,3390,3395,3402,3404
8/28/20,3376,3377,3381,3389,3390,3397,3403,3410
8/29/20,3376,3378,3382,3390,3395,3402,3404,3411
8/30/20,3377,3381,3389,3390,3397,3403,3410,3411
8/31/20,3378,3382,3390,3395,3402,3404,3411,3412
9/1/2020,3381,3389,3390,3397,3403,3410,3411,3417
9/2/2020,3382,3390,3395,3402,3404,3411,3412,3425
9/3/2020,3389,3390,3397,3403,3410,3411,3417,3427
9/4/2020,3390,3395,3402,3404,3411,3412,3425,3431
9/5/2020,3390,3397,3403,3410,3411,3417,3427,3438
9/6/2020,3395,3402,3404,3411,3412,3425,3431,3444
9/7/2020,3397,3403,3410,3411,3417,3427,3438,3445
9/8/2020,3402,3404,3411,3412,3425,3431,3444,3446
9/9/2020,3403,3410,3411,3417,3427,3438,3445,3447
9/10/2020,3404,3411,3412,3425,3431,3444,3446,3454
9/11/2020,3410,3411,3417,3427,3438,3445,3447,3461
9/12/2020,3411,3412,3425,3431,3444,3446,3454,3466
9/13/20,3411,3417,3427,3438,3445,3447,3461,3473
9/14/20,3412,3425,3431,3444,3446,3454,3466,3475
9/15/20,3417,3427,3438,3445,3447,3461,3473,3480
9/16/20,3425,3431,3444,3446,3454,3466,3475,3490
9/17/20,3427,3438,3445,3447,3461,3473,3480,3490
9/18/20,3431,3444,3446,3454,3466,3475,3490,3497
9/19/20,3438,3445,3447,3461,3473,3480,3490,3500
9/20/20,3444,3446,3454,3466,3475,3490,3497,3506
9/21/20,3445,3447,3461,3473,3480,3490,3500,3506
9/22/20,3446,3454,3466,3475,3490,3497,3506,3511
9/23/20,3447,3461,3473,3480,3490,3500,3506,3514
9/24/20,3454,3466,3475,3490,3497,3506,3511,3516
9/25/20,3461,3473,3480,3490,3500,3506,3514,3519
9/26/20,3466,3475,3490,3497,3506,3511,3516,3522
9/27/20,3473,3480,3490,3500,3506,3514,3519,3523
9/28/20,3475,3490,3497,3506,3511,3516,3522,3545
9/29/20,3480,3490,3500,3506,3514,3519,3523,3559
9/30/20,3490,3497,3506,3511,3516,3522,3545,3564
10/1/2020,3490,3500,3506,3514,3519,3523,3559,3569
10/2/2020,3497,3506,3511,3516,3522,3545,3564,3575
10/3/2020,3500,3506,3514,3519,3523,3559,3569,3583
10/4/2020,3506,3511,3516,3522,3545,3564,3575,3585
10/5/2020,3506,3514,3519,3523,3559,3569,3583,3590
10/6/2020,3511,3516,3522,3545,3564,3575,3585,3600
10/7/2020,3514,3519,3523,3559,3569,3583,3590,3615
10/8/2020,3516,3522,3545,3564,3575,3585,3600,3622
10/9/2020,3519,3523,3559,3569,3583,3590,3615,3628
10/10/2020,3522,3545,3564,3575,3585,3600,3622,3634
10/11/2020,3523,3559,3569,3583,3590,3615,3628,3636
10/12/2020,3545,3564,3575,3585,3600,3622,3634,3641
10/13/20,3559,3569,3583,3590,3615,3628,3636,3643
10/14/20,3564,3575,3585,3600,3622,3634,3641,3652
10/15/20,3569,3583,3590,3615,3628,3636,3643,3665
10/16/20,3575,3585,3600,3622,3634,3641,3652,3669
10/17/20,3583,3590,3615,3628,3636,3643,3665,3679
10/18/20,3585,3600,3622,3634,3641,3652,3669,3686
10/19/20,3590,3615,3628,3636,3643,3665,3679,3691
10/20/20,3600,3622,3634,3641,3652,3669,3686,3700
10/21/20,3615,3628,3636,3643,3665,3679,3691,3709
10/22/20,3622,3634,3641,3652,3669,3686,3700,3719
10/23/20,3628,3636,3643,3665,3679,3691,3709,3727
10/24/20,3634,3641,3652,3669,3686,3700,3719,3731
10/25/20,3636,3643,3665,3679,3691,3709,3727,3736
10/26/20,3641,3652,3669,3686,3700,3719,3731,3743
10/27/20,3643,3665,3679,3691,3709,3727,3736,3746
10/28/20,3652,3669,3686,3700,3719,3731,3743,3758
10/29/20,3665,3679,3691,3709,3727,3736,3746,3763
10/30/20,3669,3686,3700,3719,3731,3743,3758,3775
10/31/20,3679,3691,3709,3727,3736,3746,3763,3780
11/1/2020,3686,3700,3719,3731,3743,3758,3775,3784
11/2/2020,3691,3709,3727,3736,3746,3763,3780,3787
11/3/2020,3700,3719,3731,3743,3758,3775,3784,3797
11/4/2020,3709,3727,3736,3746,3763,3780,3787,3804
11/5/2020,3719,3731,3743,3758,3775,3784,3797,3810
11/6/2020,3727,3736,3746,3763,3780,3787,3804,3818
11/7/2020,3731,3743,3758,3775,3784,3797,3810,3830
11/8/2020,3736,3746,3763,3780,3787,3804,3818,3837
11/9/2020,3743,3758,3775,3784,3797,3810,3830,3840
11/10/2020,3746,3763,3780,3787,3804,3818,3837,3844
11/11/2020,3758,3775,3784,3797,3810,3830,3840,3847
11/12/2020,3763,3780,3787,3804,3818,3837,3844,3852
11/13/20,3775,3784,3797,3810,3830,3840,3847,3861
11/14/20,3780,3787,3804,3818,3837,3844,3852,3866
11/15/20,3784,3797,3810,3830,3840,3847,3861,3874
11/16/20,3787,3804,3818,3837,3844,3852,3866,3875
11/17/20,3797,3810,3830,3840,3847,3861,3874,3878
11/18/20,3804,3818,3837,3844,3852,3866,3875,3880
11/19/20,3810,3830,3840,3847,3861,3874,3878,3888
11/20/20,3818,3837,3844,3852,3866,3875,3880,3892
11/21/20,3830,3840,3847,3861,3874,3878,3888,3902
11/22/20,3837,3844,3852,3866,3875,3880,3892,3913
11/23/20,3840,3847,3861,3874,3878,3888,3902,3920
11/24/20,3844,3852,3866,3875,3880,3892,3913,3922
11/25/20,3847,3861,3874,3878,3888,3902,3920,3926
11/26/20,3852,3866,3875,3880,3892,3913,3922,3942
11/27/20,3861,3874,3878,3888,3902,3920,3926,3961
11/28/20,3866,3875,3880,3892,3913,3922,3942,3966
11/29/20,3874,3878,3888,3902,3920,3926,3961,3977
11/30/20,3875,3880,3892,3913,3922,3942,3966,3998
12/1/2020,3878,3888,3902,3920,3926,3961,3977,4008
12/2/2020,3880,3892,3913,3922,3942,3966,3998,4026
12/3/2020,3888,3902,3920,3926,3961,3977,4008,4039
12/4/2020,3892,3913,3922,3942,3966,3998,4026,4053
12/5/2020,3902,3920,3926,3961,3977,4008,4039,4072
12/6/2020,3913,3922,3942,3966,3998,4026,4053,4086
12/7/2020,3920,3926,3961,3977,4008,4039,4072,4107
12/8/2020,3922,3942,3966,3998,4026,4053,4086,4126
12/9/2020,3926,3961,3977,4008,4039,4072,4107,4151
12/10/2020,3942,3966,3998,4026,4053,4086,4126,4169
12/11/2020,3961,3977,4008,4039,4072,4107,4151,4180
12/12/2020,3966,3998,4026,4053,4086,4126,4169,4192
12/13/20,3977,4008,4039,4072,4107,4151,4180,4209
12/14/20,3998,4026,4053,4086,4126,4169,4192,4237
12/15/20,4008,4039,4072,4107,4151,4180,4209,4246
12/16/20,4026,4053,4086,4126,4169,4192,4237,4261
12/17/20,4039,4072,4107,4151,4180,4209,4246,4281
12/18/20,4053,4086,4126,4169,4192,4237,4261,4297
12/19/20,4072,4107,4151,4180,4209,4246,4281,4331
12/20/20,4086,4126,4169,4192,4237,4261,4297,4907
12/21/20,4107,4151,4180,4209,4246,4281,4331,5289
12/22/20,4126,4169,4192,4237,4261,4297,4907,5716
12/23/20,4151,4180,4209,4246,4281,4331,5289,5762
12/24/20,4169,4192,4237,4261,4297,4907,5716,5829
12/25/20,4180,4209,4246,4281,4331,5289,5762,5910
12/26/20,4192,4237,4261,4297,4907,5716,5829,6020
12/27/20,4209,4246,4281,4331,5289,5762,5910,6141
12/28/20,4237,4261,4297,4907,5716,5829,6020,6285
12/29/20,4246,4281,4331,5289,5762,5910,6141,6440
12/30/20,4261,4297,4907,5716,5829,6020,6285,6690
12/31/20,4281,4331,5289,5762,5910,6141,6440,6884
1/1/2021,4297,4907,5716,5829,6020,6285,6690,7163
1/2/2021,4331,5289,5762,5910,6141,6440,6884,7379
1/3/2021,4907,5716,5829,6020,6285,6690,7163,7694
1/4/2021,5289,5762,5910,6141,6440,6884,7379,8439
1/5/2021,5716,5829,6020,6285,6690,7163,7694,8966
1/6/2021,5762,5910,6141,6440,6884,7379,8439,9331
1/7/2021,5829,6020,6285,6690,7163,7694,8966,9636
1/8/2021,5910,6141,6440,6884,7379,8439,9331,9841
1/9/2021,6020,6285,6690,7163,7694,8966,9636,10053
1/10/2021,6141,6440,6884,7379,8439,9331,9841,10298
1/11/2021,6285,6690,7163,7694,8966,9636,10053,10547
1/12/2021,6440,6884,7379,8439,9331,9841,10298,10834
1/13/21,6690,7163,7694,8966,9636,10053,10547,10991
1/14/21,6884,7379,8439,9331,9841,10298,10834,11262
1/15/21,7163,7694,8966,9636,10053,10547,10991,11450
1/16/21,7379,8439,9331,9841,10298,10834,11262,11680
1/17/21,7694,8966,9636,10053,10547,10991,11450,12054
1/18/21,8439,9331,9841,10298,10834,11262,11680,12423
1/19/21,8966,9636,10053,10547,10991,11450,12054,12594
1/20/21,9331,9841,10298,10834,11262,11680,12423,12653
1/21/21,9636,10053,10547,10991,11450,12054,12594,12795
1/22/21,9841,10298,10834,11262,11680,12423,12653,13104
1/23/21,10053,10547,10991,11450,12054,12594,12795,13302
1/24/21,10298,10834,11262,11680,12423,12653,13104,13500
1/25/21,10547,10991,11450,12054,12594,12795,13302,13687
1/26/21,10834,11262,11680,12423,12653,13104,13500,14646
1/27/21,10991,11450,12054,12594,12795,13302,13687,15465
1/28/21,11262,11680,12423,12653,13104,13500,14646,16221
1/29/21,11450,12054,12594,12795,13302,13687,15465,17023
1/30/21,11680,12423,12653,13104,13500,14646,16221,17953
1/31/21,12054,12594,12795,13302,13687,15465,17023,18782
2/1/2021,12423,12653,13104,13500,14646,16221,17953,19618
2/2/2021,12594,12795,13302,13687,15465,17023,18782,20454
2/3/2021,12653,13104,13500,14646,16221,17953,19618,21249
2/4/2021,12795,13302,13687,15465,17023,18782,20454,22058
2/5/2021,13104,13500,14646,16221,17953,19618,21249,22644
2/6/2021,13302,13687,15465,17023,18782,20454,22058,23134
2/7/2021,13500,14646,16221,17953,19618,21249,22644,23371
2/8/2021,13687,15465,17023,18782,20454,22058,23134,23557
2/9/2021,14646,16221,17953,19618,21249,22644,23371,23746
2/10/2021,15465,17023,18782,20454,22058,23134,23557,23903
2/11/2021,16221,17953,19618,21249,22644,23371,23746,24104
2/12/2021,17023,18782,20454,22058,23134,23557,23903,24279
2/13/21,17953,19618,21249,22644,23371,23746,24104,24405
2/14/21,18782,20454,22058,23134,23557,23903,24279,24571
2/15/21,19618,21249,22644,23371,23746,24104,24405,24714
2/16/21,20454,22058,23134,23557,23903,24279,24571,24786
2/17/21,21249,22644,23371,23746,24104,24405,24714,24961
2/18/21,22058,23134,23557,23903,24279,24571,24786,25111
2/19/21,22644,23371,23746,24104,24405,24714,24961,25241
2/20/21,23134,23557,23903,24279,24571,24786,25111,25323
2/21/21,23371,23746,24104,24405,24714,24961,25241,25415
2/22/21,23557,23903,24279,24571,24786,25111,25323,25504
2/23/21,23746,24104,24405,24714,24961,25241,25415,25599
2/24/21,23903,24279,24571,24786,25111,25323,25504,25692
2/25/21,24104,24405,24714,24961,25241,25415,25599,25764
2/26/21,24279,24571,24786,25111,25323,25504,25692,25809
2/27/21,24405,24714,24961,25241,25415,25599,25764,25881
2/28/21,24571,24786,25111,25323,25504,25692,25809,25951
3/1/2021,24714,24961,25241,25415,25599,25764,25881,26031
3/2/2021,24786,25111,25323,25504,25692,25809,25951,26073
3/3/2021,24961,25241,25415,25599,25764,25881,26031,26108
3/4/2021,25111,25323,25504,25692,25809,25951,26073,26162
3/5/2021,25241,25415,25599,25764,25881,26031,26108,26241
3/6/2021,25323,25504,25692,25809,25951,26073,26162,26305
3/7/2021,25415,25599,25764,25881,26031,26108,26241,26370
3/8/2021,25504,25692,25809,25951,26073,26162,26305,26441
3/9/2021,25599,25764,25881,26031,26108,26241,26370,26501
3/10/2021,25692,25809,25951,26073,26162,26305,26441,26540
3/11/2021,25764,25881,26031,26108,26241,26370,26501,26598
3/12/2021,25809,25951,26073,26162,26305,26441,26540,26679
3/13/21,25881,26031,26108,26241,26370,26501,26598,26757
3/14/21,25951,26073,26162,26305,26441,26540,26679,26927
3/15/21,26031,26108,26241,26370,26501,26598,26757,27005
3/16/21,26073,26162,26305,26441,26540,26679,26927,27154
3/17/21,26108,26241,26370,26501,26598,26757,27005,27402
3/18/21,26162,26305,26441,26540,26679,26927,27154,27494
3/19/21,26241,26370,26501,26598,26757,27005,27402,27594
3/20/21,26305,26441,26540,26679,26927,27154,27494,27713
3/21/21,26370,26501,26598,26757,27005,27402,27594,27803
3/22/21,26441,26540,26679,26927,27154,27494,27713,27876
3/23/21,26501,26598,26757,27005,27402,27594,27803,28277
3/24/21,26540,26679,26927,27154,27494,27713,27876,28346
3/25/21,26598,26757,27005,27402,27594,27803,28277,28443
3/26/21,26679,26927,27154,27494,27713,27876,28346,28577
3/27/21,26757,27005,27402,27594,27803,28277,28443,28657
3/28/21,26927,27154,27494,27713,27876,28346,28577,28734
3/29/21,27005,27402,27594,27803,28277,28443,28657,28773
3/30/21,27154,27494,27713,27876,28346,28577,28734,28821
3/31/21,27402,27594,27803,28277,28443,28657,28773,28863
4/1/2021,27494,27713,27876,28346,28577,28734,28821,28889
4/2/2021,27594,27803,28277,28443,28657,28773,28863,28947
4/3/2021,27713,27876,28346,28577,28734,28821,28889,29031
4/4/2021,27803,28277,28443,28657,28773,28863,28947,29127
4/5/2021,27876,28346,28577,28734,28821,28889,29031,29321
4/6/2021,28277,28443,28657,28773,28863,28947,29127,29571
4/7/2021,28346,28577,28734,28821,28889,29031,29321,29905
4/8/2021,28443,28657,28773,28863,28947,29127,29571,30310
4/9/2021,28577,28734,28821,28889,29031,29321,29905,30869
4/10/2021,28657,28773,28863,28947,29127,29571,30310,31658
4/11/2021,28734,28821,28889,29031,29321,29905,30869,32625
4/12/2021,28773,28863,28947,29127,29571,30310,31658,33610
4/13/21,28821,28889,29031,29321,29905,30869,32625,34575
4/14/21,28863,28947,29127,29571,30310,31658,33610,35910
4/15/21,28889,29031,29321,29905,30869,32625,34575,37453
4/16/21,28947,29127,29571,30310,31658,33610,35910,39038
4/17/21,29031,29321,29905,30869,32625,34575,37453,40585
4/18/21,29127,29571,30310,31658,33610,35910,39038,42352
4/19/21,29321,29905,30869,32625,34575,37453,40585,43742
4/20/21,29571,30310,31658,33610,35910,39038,42352,45185
4/21/21,29905,30869,32625,34575,37453,40585,43742,46643
4/22/21,30310,31658,33610,35910,39038,42352,45185,48113
4/23/21,30869,32625,34575,37453,40585,43742,46643,50183
4/24/21,31658,33610,35910,39038,42352,45185,48113,53022
4/25/21,32625,34575,37453,40585,43742,46643,50183,55460
4/26/21,33610,35910,39038,42352,45185,48113,53022,57508
4/27/21,34575,37453,40585,43742,46643,50183,55460,59688
4/28/21,35910,39038,42352,45185,48113,53022,57508,61699
4/29/21,37453,40585,43742,46643,50183,55460,59688,63570
4/30/21,39038,42352,45185,48113,53022,57508,61699,65153
5/1/2021,40585,43742,46643,50183,55460,59688,63570,67044
5/2/2021,42352,45185,48113,53022,57508,61699,65153,68984
5/3/2021,43742,46643,50183,55460,59688,63570,67044,71025
5/4/2021,45185,48113,53022,57508,61699,65153,68984,72788
5/5/2021,46643,50183,55460,59688,63570,67044,71025,74900
5/6/2021,48113,53022,57508,61699,65153,68984,72788,76811
5/7/2021,50183,55460,59688,63570,67044,71025,74900,78855
5/8/2021,53022,57508,61699,65153,68984,72788,76811,81274
5/9/2021,55460,59688,63570,67044,71025,74900,78855,83375
5/10/2021,57508,61699,65153,68984,72788,76811,81274,85005
5/11/2021,59688,63570,67044,71025,74900,78855,83375,86924
5/12/2021,61699,65153,68984,72788,76811,81274,85005,88907
5/13/21,63570,67044,71025,74900,78855,83375,86924,93794
5/14/21,65153,68984,72788,76811,81274,85005,88907,96050
5/15/21,67044,71025,74900,78855,83375,86924,93794,99145
5/16/21,68984,72788,76811,81274,85005,88907,96050,101447
5/17/21,71025,74900,78855,83375,86924,93794,99145,111082
5/18/21,72788,76811,81274,85005,88907,96050,101447,113555
5/19/21,74900,78855,83375,86924,93794,99145,111082,116949
5/20/21,76811,81274,85005,88907,96050,101447,113555,119585
5/21/21,78855,83375,86924,93794,99145,111082,116949,123066
5/22/21,81274,85005,88907,96050,101447,113555,119585,126118
5/23/21,83375,86924,93794,99145,111082,116949,123066,129500
5/24/21,85005,88907,96050,101447,113555,119585,126118,132213
5/25/21,86924,93794,99145,111082,116949,123066,129500,135439
5/26/21,88907,96050,101447,113555,119585,126118,132213,137894
5/27/21,93794,99145,111082,116949,123066,129500,135439,141217
5/28/21,96050,101447,113555,119585,126118,132213,137894,144976
5/29/21,99145,111082,116949,123066,129500,135439,141217,149779
5/30/21,101447,113555,119585,126118,132213,137894,144976,154307
5/31/21,111082,116949,123066,129500,135439,141217,149779,159792
6/1/2021,113555,119585,126118,132213,137894,144976,154307,162022
6/2/2021,116949,123066,129500,135439,141217,149779,159792,165462
6/3/2021,119585,126118,132213,137894,144976,154307,162022,169348
6/4/2021,123066,129500,135439,141217,149779,159792,165462,171978
6/5/2021,126118,132213,137894,144976,154307,162022,169348,174796
6/6/2021,129500,135439,141217,149779,159792,165462,171978,177467
6/7/2021,132213,137894,144976,154307,162022,169348,174796,179886
6/8/2021,135439,141217,149779,159792,165462,171978,177467,182548
6/9/2021,137894,144976,154307,162022,169348,174796,179886,185228
6/10/2021,141217,149779,159792,165462,171978,177467,182548,187538
6/11/2021,144976,154307,162022,169348,174796,179886,185228,189828
6/12/2021,149779,159792,165462,171978,177467,182548,187538,193105
6/13/21,154307,162022,169348,174796,179886,185228,189828,195909
6/14/21,159792,165462,171978,177467,182548,187538,193105,199264
6/15/21,162022,169348,174796,179886,185228,189828,195909,202264
6/16/21,165462,171978,177467,182548,187538,193105,199264,204595
6/17/21,169348,174796,179886,185228,189828,195909,202264,207724
6/18/21,171978,177467,182548,187538,193105,199264,204595,210782
6/19/21,174796,179886,185228,189828,195909,202264,207724,214449
6/20/21,177467,182548,187538,193105,199264,204595,210782,218131
6/21/21,179886,185228,189828,195909,202264,207724,214449,221306
6/22/21,182548,187538,193105,199264,204595,210782,218131,225365
6/23/21,185228,189828,195909,202264,207724,214449,221306,228539
6/24/21,187538,193105,199264,204595,210782,218131,225365,232647
6/25/21,189828,195909,202264,207724,214449,221306,228539,236291
6/26/21,193105,199264,204595,210782,218131,225365,232647,240452
6/27/21,195909,202264,207724,214449,221306,228539,236291,244447
6/28/21,199264,204595,210782,218131,225365,232647,240452,249853
6/29/21,202264,207724,214449,221306,228539,236291,244447,254515
6/30/21,204595,210782,218131,225365,232647,240452,249853,259301
7/1/2021,207724,214449,221306,228539,236291,244447,254515,264834
7/2/2021,210782,218131,225365,232647,240452,249853,259301,270921
7/3/2021,214449,221306,228539,236291,244447,254515,264834,277151
7/4/2021,218131,225365,232647,240452,249853,259301,270921,283067
7/5/2021,221306,228539,236291,244447,254515,264834,277151,289233
7/6/2021,225365,232647,240452,249853,259301,270921,283067,294653
7/7/2021,228539,236291,244447,254515,264834,277151,289233,301172
7/8/2021,232647,240452,249853,259301,270921,283067,294653,308230
7/9/2021,236291,244447,254515,264834,277151,289233,301172,317506
7/10/2021,240452,249853,259301,270921,283067,294653,308230,326832
7/11/2021,244447,254515,264834,277151,289233,301172,317506,336371
7/12/2021,249853,259301,270921,283067,294653,308230,326832,345027
7/13/21,254515,264834,277151,289233,301172,317506,336371,353712
7/14/21,259301,270921,283067,294653,308230,326832,345027,363029
7/15/21,264834,277151,289233,301172,317506,336371,353712,372215
7/16/21,270921,283067,294653,308230,326832,345027,363029,381907
7/17/21,277151,289233,301172,317506,336371,353712,372215,391989
7/18/21,283067,294653,308230,326832,345027,363029,381907,403386
7/19/21,289233,301172,317506,336371,353712,372215,391989,415170
7/20/21,294653,308230,326832,345027,363029,381907,403386,426475
7/21/21,301172,317506,336371,353712,372215,391989,415170,439477
7/22/21,308230,326832,345027,363029,381907,403386,426475,453132
7/23/21,317506,336371,353712,372215,391989,415170,439477,467707
7/24/21,326832,345027,363029,381907,403386,426475,453132,481967
7/25/21,336371,353712,372215,391989,415170,439477,467707,497302
7/26/21,345027,363029,381907,403386,426475,453132,481967,512678
7/27/21,353712,372215,391989,415170,439477,467707,497302,526828
7/28/21,363029,381907,403386,426475,453132,481967,512678,543361
7/29/21,372215,391989,415170,439477,467707,497302,526828,561030
7/30/21,381907,403386,426475,453132,481967,512678,543361,578375
7/31/21,391989,415170,439477,467707,497302,526828,561030,597287
8/1/2021,403386,426475,453132,481967,512678,543361,578375,615314
8/2/2021,415170,439477,467707,497302,526828,561030,597287,633284
8/3/2021,426475,453132,481967,512678,543361,578375,615314,652185
8/4/2021,439477,467707,497302,526828,561030,597287,633284,672385
8/5/2021,453132,481967,512678,543361,578375,615314,652185,693305
8/6/2021,467707,497302,526828,561030,597287,633284,672385,714684
8/7/2021,481967,512678,543361,578375,615314,652185,693305,736522
8/8/2021,497302,526828,561030,597287,633284,672385,714684,756505
8/9/2021,512678,543361,578375,615314,652185,693305,736522,776108
8/10/2021,526828,561030,597287,633284,672385,714684,756505,795951
8/11/2021,543361,578375,615314,652185,693305,736522,776108,816989
8/12/2021,561030,597287,633284,672385,714684,756505,795951,839771
8/13/21,578375,615314,652185,693305,736522,776108,816989,863189
8/14/21,597287,633284,672385,714684,756505,795951,839771,885275
8/15/21,615314,652185,693305,736522,776108,816989,863189,907157
8/16/21,633284,672385,714684,756505,795951,839771,885275,928314
8/17/21,652185,693305,736522,776108,816989,863189,907157,948442
8/18/21,672385,714684,756505,795951,839771,885275,928314,968957
8/19/21,693305,736522,776108,816989,863189,907157,948442,989859
8/20/21,714684,756505,795951,839771,885275,928314,968957,1009710
8/21/21,736522,776108,816989,863189,907157,948442,989859,1030281
8/22/21,756505,795951,839771,885275,928314,968957,1009710,1049295
8/23/21,776108,816989,863189,907157,948442,989859,1030281,1066786
8/24/21,795951,839771,885275,928314,968957,1009710,1049295,1083951
8/25/21,816989,863189,907157,948442,989859,1030281,1066786,1102368
8/26/21,839771,885275,928314,968957,1009710,1049295,1083951,1120869
8/27/21,863189,907157,948442,989859,1030281,1066786,1102368,1139571
8/28/21,885275,928314,968957,1009710,1049295,1083951,1120869,1157555
8/29/21,907157,948442,989859,1030281,1066786,1102368,1139571,1174091
8/30/21,928314,968957,1009710,1049295,1083951,1120869,1157555,1190063
8/31/21,948442,989859,1030281,1066786,1102368,1139571,1174091,1204729
9/1/2021,968957,1009710,1049295,1083951,1120869,1157555,1190063,1219531
9/2/2021,989859,1030281,1066786,1102368,1139571,1174091,1204729,1234487
9/3/2021,1009710,1049295,1083951,1120869,1157555,1190063,1219531,1249140
9/4/2021,1030281,1066786,1102368,1139571,1174091,1204729,1234487,1265082
9/5/2021,1049295,1083951,1120869,1157555,1190063,1219531,1249140,1280534
9/6/2021,1066786,1102368,1139571,1174091,1204729,1234487,1265082,1294522
9/7/2021,1083951,1120869,1157555,1190063,1219531,1249140,1280534,1308343
9/8/2021,1102368,1139571,1174091,1204729,1234487,1265082,1294522,1322519
9/9/2021,1120869,1157555,1190063,1219531,1249140,1280534,1308343,1338550
9/10/2021,1139571,1174091,1204729,1234487,1265082,1294522,1322519,1352953
9/11/2021,1157555,1190063,1219531,1249140,1280534,1308343,1338550,1368144
9/12/2021,1174091,1204729,1234487,1265082,1294522,1322519,1352953,1382173
9/13/21,1190063,1219531,1249140,1280534,1308343,1338550,1368144,1394756
9/14/21,1204729,1234487,1265082,1294522,1322519,1352953,1382173,1406542
9/15/21,1219531,1249140,1280534,1308343,1338550,1368144,1394756,1420340
9/16/21,1234487,1265082,1294522,1322519,1352953,1382173,1406542,1434237
9/17/21,1249140,1280534,1308343,1338550,1368144,1394756,1420340,1448792
9/18/21,1265082,1294522,1322519,1352953,1382173,1406542,1434237,1462901
9/19/21,1280534,1308343,1338550,1368144,1394756,1420340,1448792,1476477
9/20/21,1294522,1322519,1352953,1382173,1406542,1434237,1462901,1489186
9/21/21,1308343,1338550,1368144,1394756,1420340,1448792,1476477,1500105
9/22/21,1322519,1352953,1382173,1406542,1434237,1462901,1489186,1511357
9/23/21,1338550,1368144,1394756,1420340,1448792,1476477,1500105,1524613
9/24/21,1352953,1382173,1406542,1434237,1462901,1489186,1511357,1537310
9/25/21,1368144,1394756,1420340,1448792,1476477,1500105,1524613,1549285
9/26/21,1382173,1406542,1434237,1462901,1489186,1511357,1537310,1561638
9/27/21,1394756,1420340,1448792,1476477,1500105,1524613,1549285,1571926
9/28/21,1406542,1434237,1462901,1489186,1511357,1537310,1561638,1581415
9/29/21,1420340,1448792,1476477,1500105,1524613,1549285,1571926,1591829
9/30/21,1434237,1462901,1489186,1511357,1537310,1561638,1581415,1603475
10/1/2021,1448792,1476477,1500105,1524613,1549285,1571926,1591829,1615229
10/2/2021,1462901,1489186,1511357,1537310,1561638,1581415,1603475,1626604
10/3/2021,1476477,1500105,1524613,1549285,1571926,1591829,1615229,1637432
10/4/2021,1489186,1511357,1537310,1561638,1581415,1603475,1626604,1647362
10/5/2021,1500105,1524613,1549285,1571926,1591829,1615229,1637432,1657231
10/6/2021,1511357,1537310,1561638,1581415,1603475,1626604,1647362,1667097
10/7/2021,1524613,1549285,1571926,1591829,1615229,1637432,1657231,1678297
10/8/2021,1537310,1561638,1581415,1603475,1626604,1647362,1667097,1689437
10/9/2021,1549285,1571926,1591829,1615229,1637432,1657231,1678297,1700067
10/10/2021,1561638,1581415,1603475,1626604,1647362,1667097,1689437,1710884
10/11/2021,1571926,1591829,1615229,1637432,1657231,1678297,1700067,1720919
10/12/2021,1581415,1603475,1626604,1647362,1667097,1689437,1710884,1730364
10/13/21,1591829,1615229,1637432,1657231,1678297,1700067,1720919,1740428
10/14/21,1603475,1626604,1647362,1667097,1689437,1710884,1730364,1751704
10/15/21,1615229,1637432,1657231,1678297,1700067,1720919,1740428,1762190
10/16/21,1626604,1647362,1667097,1689437,1710884,1730364,1751704,1772838
10/17/21,1637432,1657231,1678297,1700067,1720919,1740428,1762190,1783701
10/18/21,1647362,1667097,1689437,1710884,1730364,1751704,1772838,1793812
10/19/21,1657231,1678297,1700067,1720919,1740428,1762190,1783701,1802934
10/20/21,1667097,1689437,1710884,1730364,1751704,1772838,1793812,1811852
10/21/21,1678297,1700067,1720919,1740428,1762190,1783701,1802934,1821579
10/22/21,1689437,1710884,1730364,1751704,1772838,1793812,1811852,1831389
10/23/21,1700067,1720919,1740428,1762190,1783701,1802934,1821579,1841131
10/24/21,1710884,1730364,1751704,1772838,1793812,1811852,1831389,1850482
10/25/21,1720919,1740428,1762190,1783701,1802934,1821579,1841131,1859157
10/26/21,1730364,1751704,1772838,1793812,1811852,1831389,1850482,1866863
10/27/21,1740428,1762190,1783701,1802934,1821579,1841131,1859157,1875315
10/28/21,1751704,1772838,1793812,1811852,1831389,1850482,1866863,1884973
10/29/21,1762190,1783701,1802934,1821579,1841131,1859157,1875315,1893941
10/30/21,1772838,1793812,1811852,1831389,1850482,1866863,1884973,1903165
10/31/21,1783701,1802934,1821579,1841131,1859157,1875315,1893941,1912024
11/1/2021,1793812,1811852,1831389,1850482,1866863,1884973,1903165,1920189
11/2/2021,1802934,1821579,1841131,1859157,1875315,1893941,1912024,1927763
11/3/2021,1811852,1831389,1850482,1866863,1884973,1903165,1920189,1935442
11/4/2021,1821579,1841131,1859157,1875315,1893941,1912024,1927763,1943422
11/5/2021,1831389,1850482,1866863,1884973,1903165,1920189,1935442,1951572
11/6/2021,1841131,1859157,1875315,1893941,1912024,1927763,1943422,1960039
11/7/2021,1850482,1866863,1884973,1903165,1920189,1935442,1951572,1967999
11/8/2021,1859157,1875315,1893941,1912024,1927763,1943422,1960039,1975591
11/9/2021,1866863,1884973,1903165,1920189,1935442,1951572,1967999,1982495
11/10/2021,1875315,1893941,1912024,1927763,1943422,1960039,1975591,1989473
11/11/2021,1884973,1903165,1920189,1935442,1951572,1967999,1982495,1996969
11/12/2021,1893941,1912024,1927763,1943422,1960039,1975591,1989473,2004274
11/13/21,1903165,1920189,1935442,1951572,1967999,1982495,1996969,2011331
11/14/21,1912024,1927763,1943422,1960039,1975591,1989473,2004274,2018410
11/15/21,1920189,1935442,1951572,1967999,1982495,1996969,2011331,2024753
11/16/21,1927763,1943422,1960039,1975591,1989473,2004274,2018410,2030700
11/17/21,1935442,1951572,1967999,1982495,1996969,2011331,2024753,2037224
11/18/21,1943422,1960039,1975591,1989473,2004274,2018410,2030700,2044125
11/19/21,1951572,1967999,1982495,1996969,2011331,2024753,2037224,2050980
11/20/21,1960039,1975591,1989473,2004274,2018410,2030700,2044125,2057575
11/21/21,1967999,1982495,1996969,2011331,2024753,2037224,2050980,2064581
11/22/21,1975591,1989473,2004274,2018410,2030700,2044125,2057575,2071009
11/23/21,1982495,1996969,2011331,2024753,2037224,2050980,2064581,2076135
11/24/21,1989473,2004274,2018410,2030700,2044125,2057575,2071009,2081992
11/25/21,1996969,2011331,2024753,2037224,2050980,2064581,2076135,2088327
11/26/21,2004274,2018410,2030700,2044125,2057575,2071009,2081992,2094886
11/27/21,2011331,2024753,2037224,2050980,2064581,2076135,2088327,2100959
11/28/21,2018410,2030700,2044125,2057575,2071009,2081992,2094886,2106813
11/29/21,2024753,2037224,2050980,2064581,2076135,2088327,2100959,2111566
11/30/21,2030700,2044125,2057575,2071009,2081992,2094886,2106813,2115872
12/1/2021,2037224,2050980,2064581,2076135,2088327,2100959,2111566,2120758
12/2/2021,2044125,2057575,2071009,2081992,2094886,2106813,2115872,2125729
12/3/2021,2050980,2064581,2076135,2088327,2100959,2111566,2120758,2130641
12/4/2021,2057575,2071009,2081992,2094886,2106813,2115872,2125729,2136537
12/5/2021,2064581,2076135,2088327,2100959,2111566,2120758,2130641,2141241
12/6/2021,2071009,2081992,2094886,2106813,2115872,2125729,2136537,2145241
12/7/2021,2076135,2088327,2100959,2111566,2120758,2130641,2141241,2148766
12/8/2021,2081992,2094886,2106813,2115872,2125729,2136537,2145241,2152384
12/9/2021,2088327,2100959,2111566,2120758,2130641,2141241,2148766,2156587
12/10/2021,2094886,2106813,2115872,2125729,2136537,2145241,2152384,2160780
12/11/2021,2100959,2111566,2120758,2130641,2141241,2148766,2156587,2164859
12/12/2021,2106813,2115872,2125729,2136537,2145241,2152384,2160780,2168646
12/13/21,2111566,2120758,2130641,2141241,2148766,2156587,2164859,2172044
12/14/21,2115872,2125729,2136537,2145241,2152384,2160780,2168646,2174906
12/15/21,2120758,2130641,2141241,2148766,2156587,2164859,2172044,2178276
12/16/21,2125729,2136537,2145241,2152384,2160780,2168646,2174906,2181960
12/17/21,2130641,2141241,2148766,2156587,2164859,2172044,2178276,2185497
12/18/21,2136537,2145241,2152384,2160780,2168646,2174906,2181960,2188629
12/19/21,2141241,2148766,2156587,2164859,2172044,2178276,2185497,2191528
12/20/21,2145241,2152384,2160780,2168646,2174906,2181960,2188629,2194053
12/21/21,2148766,2156587,2164859,2172044,2178276,2185497,2191528,2196529
12/22/21,2152384,2160780,2168646,2174906,2181960,2188629,2194053,2199061
12/23/21,2156587,2164859,2172044,2178276,2185497,2191528,2196529,2202001
12/24/21,2160780,2168646,2174906,2181960,2188629,2194053,2199061,2204672
12/25/21,2164859,2172044,2178276,2185497,2191528,2196529,2202001,2207438
12/26/21,2168646,2174906,2181960,2188629,2194053,2199061,2204672,2209970
12/27/21,2172044,2178276,2185497,2191528,2196529,2202001,2207438,2212407
12/28/21,2174906,2181960,2188629,2194053,2199061,2204672,2209970,2214712
12/29/21,2178276,2185497,2191528,2196529,2202001,2207438,2212407,2217287
12/30/21,2181960,2188629,2194053,2199061,2204672,2209970,2214712,2220324
12/31/21,2185497,2191528,2196529,2202001,2207438,2212407,2217287,2223435
1/1/2022,2188629,2194053,2199061,2204672,2209970,2214712,2220324,2226446
1/2/2022,2191528,2196529,2202001,2207438,2212407,2217287,2223435,2229558
1/3/2022,2194053,2199061,2204672,2209970,2214712,2220324,2226446,2232485
1/4/2022,2196529,2202001,2207438,2212407,2217287,2223435,2229558,2235576
1/5/2022,2199061,2204672,2209970,2214712,2220324,2226446,2232485,2239475
1/6/2022,2202001,2207438,2212407,2217287,2223435,2229558,2235576,2245250
1/7/2022,2204672,2209970,2214712,2220324,2226446,2232485,2239475,2252776
1/8/2022,2207438,2212407,2217287,2223435,2229558,2235576,2245250,2261039
1/9/2022,2209970,2214712,2220324,2226446,2232485,2239475,2252776,2269550
1/10/2022,2212407,2217287,2223435,2229558,2235576,2245250,2261039,2277476
1/11/2022,2214712,2220324,2226446,2232485,2239475,2252776,2269550,2284609
1/12/2022,2217287,2223435,2229558,2235576,2245250,2261039,2277476,2300457
1/13/22,2220324,2226446,2232485,2239475,2252776,2269550,2284609,2308615
1/14/22,2223435,2229558,2235576,2245250,2261039,2277476,2300457,2316408
1/15/22,2226446,2232485,2239475,2252776,2269550,2284609,2308615,2324485
1/16/22,2229558,2235576,2245250,2261039,2277476,2300457,2316408,2331414
1/17/22,2232485,2239475,2252776,2269550,2284609,2308615,2324485,2337811
1/18/22,2235576,2245250,2261039,2277476,2300457,2316408,2331414,2344933
1/19/22,2239475,2252776,2269550,2284609,2308615,2324485,2337811,2353062
1/20/22,2245250,2261039,2277476,2300457,2316408,2331414,2344933,2361702
1/21/22,2252776,2269550,2284609,2308615,2324485,2337811,2353062,2369814
1/22/22,2261039,2277476,2300457,2316408,2331414,2344933,2361702,2377500
1/23/22,2269550,2284609,2308615,2324485,2337811,2353062,2369814,2384639
1/24/22,2277476,2300457,2316408,2331414,2344933,2361702,2377500,2391357
1/25/22,2284609,2308615,2324485,2337811,2353062,2369814,2384639,2398944
1/26/22,2300457,2316408,2331414,2344933,2361702,2377500,2391357,2407022
1/27/22,2308615,2324485,2337811,2353062,2369814,2384639,2398944,2415472
1/28/22,2316408,2331414,2344933,2361702,2377500,2391357,2407022,2424090
1/29/22,2324485,2337811,2353062,2369814,2384639,2398944,2415472,2432534
1/30/22,2331414,2344933,2361702,2377500,2391357,2407022,2424090,2440542
1/31/22,2337811,2353062,2369814,2384639,2398944,2415472,2432534,2447964
2/1/2022,2344933,2361702,2377500,2391357,2407022,2424090,2440542,2456551
2/2/2022,2353062,2369814,2384639,2398944,2415472,2432534,2447964,2465723
2/3/2022,2361702,2377500,2391357,2407022,2424090,2440542,2456551,2475632
2/4/2022,2369814,2384639,2398944,2415472,2432534,2447964,2465723,2486122
2/5/2022,2377500,2391357,2407022,2424090,2440542,2456551,2475632,2497001
2/6/2022,2384639,2398944,2415472,2432534,2447964,2465723,2486122,2507471
2/7/2022,2391357,2407022,2424090,2440542,2456551,2475632,2497001,2517869
2/8/2022,2398944,2415472,2432534,2447964,2465723,2486122,2507471,2531051
2/9/2022,2407022,2424090,2440542,2456551,2475632,2497001,2517869,2545873
2/10/2022,2415472,2432534,2447964,2465723,2486122,2507471,2531051,2561115
2/11/2022,2424090,2440542,2456551,2475632,2497001,2517869,2545873,2577445
2/12/2022,2432534,2447964,2465723,2486122,2507471,2531051,2561115,2593327
2/13/22,2440542,2456551,2475632,2497001,2517869,2545873,2577445,2608227
2/14/22,2447964,2465723,2486122,2507471,2531051,2561115,2593327,2622600
2/15/22,2456551,2475632,2497001,2517869,2545873,2577445,2608227,2639062
2/16/22,2465723,2486122,2507471,2531051,2561115,2593327,2622600,2656411
2/17/22,2475632,2497001,2517869,2545873,2577445,2608227,2639062,2674477
2/18/22,2486122,2507471,2531051,2561115,2593327,2622600,2656411,2693362
2/19/22,2497001,2517869,2545873,2577445,2608227,2639062,2674477,2712315
2/20/22,2507471,2531051,2561115,2593327,2622600,2656411,2693362,2731198
2/21/22,2517869,2545873,2577445,2608227,2639062,2674477,2712315,2749561
2/22/22,2531051,2561115,2593327,2622600,2656411,2693362,2731198,2770793
2/23/22,2545873,2577445,2608227,2639062,2674477,2712315,2749561,2794350
2/24/22,2561115,2593327,2622600,2656411,2693362,2731198,2770793,2819282
2/25/22,2577445,2608227,2639062,2674477,2712315,2749561,2794350,2844897
2/26/22,2593327,2622600,2656411,2693362,2731198,2770793,2819282,2869616
2/27/22,2608227,2639062,2674477,2712315,2749561,2794350,2844897,2891927
2/28/22,2622600,2656411,2693362,2731198,2770793,2819282,2869616,2891927
3/1/2022,2639062,2674477,2712315,2749561,2794350,2844897,2891927,2934544
3/2/2022,2656411,2693362,2731198,2770793,2819282,2869616,2891927,2958162
3/3/2022,2674477,2712315,2749561,2794350,2844897,2891927,2934544,2981996
3/4/2022,2693362,2731198,2770793,2819282,2869616,2891927,2958162,3004814
3/5/2022,2712315,2749561,2794350,2844897,2891927,2934544,2981996,3026695
3/6/2022,2731198,2770793,2819282,2869616,2891927,2958162,3004814,3047857
3/7/2022,2749561,2794350,2844897,2891927,2934544,2981996,3026695,3066800
3/8/2022,2770793,2819282,2869616,2891927,2958162,3004814,3047857,3088873
3/9/2022,2794350,2844897,2891927,2934544,2981996,3026695,3066800,3111857
3/10/2022,2819282,2869616,2891927,2958162,3004814,3047857,3088873,3136649
3/11/2022,2844897,2891927,2934544,2981996,3026695,3066800,3111857,3161241
3/12/2022,2869616,2891927,2958162,3004814,3047857,3088873,3136649,3161241
3/13/22,2891927,2934544,2981996,3026695,3066800,3111857,3161241,3206955
3/14/22,2891927,2958162,3004814,3047857,3088873,3136649,3161241,3226697
3/15/22,2934544,2981996,3026695,3066800,3111857,3161241,3206955,3250642
3/16/22,2958162,3004814,3047857,3088873,3136649,3161241,3226697,3276098
3/17/22,2981996,3026695,3066800,3111857,3161241,3206955,3250642,3303169
3/18/22,3004814,3047857,3088873,3136649,3161241,3226697,3276098,3328973
3/19/22,3026695,3066800,3111857,3161241,3206955,3250642,3303169,3353969
3/20/22,3047857,3088873,3136649,3161241,3226697,3276098,3328973,3377410
3/21/22,3066800,3111857,3161241,3206955,3250642,3303169,3353969,3398792
3/22/22,3088873,3136649,3161241,3226697,3276098,3328973,3377410,3423956
3/23/22,3111857,3161241,3206955,3250642,3303169,3353969,3398792,3423956
3/24/22,3136649,3161241,3226697,3276098,3328973,3377410,3423956,3450980
3/25/22,3161241,3206955,3250642,3303169,3353969,3398792,3423956,3503264
3/26/22,3161241,3226697,3276098,3328973,3377410,3423956,3450980,3529085
3/27/22,3206955,3250642,3303169,3353969,3398792,3423956,3503264,3553720
